
                        S T E P       1


                                INCREMENT     1


 displacements (vx,vy,vz) for set WOOD and time  0.5000000E-01

         1 -4.401081E-08 -4.401081E-08 -2.033425E-09
         2  4.440450E-08 -4.018561E-08 -2.228907E-09
         3  3.350246E-08  3.350246E-08 -2.495718E-09
         4 -4.018561E-08  4.440450E-08 -2.228907E-09
         5 -9.295439E-09 -9.295439E-09 -1.997320E-07
         6 -1.604239E-09 -2.382620E-09 -1.861614E-07
         7  3.428741E-09  3.428741E-09 -1.998087E-07
         8 -2.382620E-09 -1.604239E-09 -1.861614E-07
        17 -2.700280E-10 -4.287115E-08 -3.040274E-09
        18  4.127767E-08  2.673141E-09 -2.693554E-09
        19 -4.048184E-10 -4.048184E-10 -3.092157E-09
        20 -2.122580E-09 -2.122580E-09 -1.590598E-07
        21  3.035653E-08 -4.483473E-09 -1.474206E-07
        22  2.906039E-08  2.906039E-08 -1.398725E-07
        23  2.673141E-09  4.127767E-08 -2.693554E-09
        24 -4.287115E-08 -2.700280E-10 -3.040274E-09
        25 -4.483473E-09  3.035653E-08 -1.474206E-07
        26 -3.436162E-08  2.551876E-08 -1.420170E-07
        27 -3.355495E-08 -1.080128E-09 -1.525169E-07
        28 -1.173264E-09  6.119284E-10 -2.042617E-07
        29 -5.640144E-09 -5.821403E-09 -2.025487E-07
        30 -3.028506E-08 -3.028506E-08 -1.513701E-07
        31 -4.150494E-09 -4.150494E-09 -2.149545E-07
        32 -5.821403E-09 -5.640144E-09 -2.025487E-07
        33 -1.080128E-09 -3.355495E-08 -1.525169E-07
        34  6.119284E-10 -1.173264E-09 -2.042617E-07
        35  2.551876E-08 -3.436162E-08 -1.420170E-07

 forces (fx,fy,fz) for set GROUND and time  0.5000000E-01

         9  0.000000E+00  0.000000E+00  0.000000E+00
        10  0.000000E+00  0.000000E+00  0.000000E+00
        11  0.000000E+00  0.000000E+00  0.000000E+00
        12  0.000000E+00  0.000000E+00  0.000000E+00
        13  2.904683E-03  2.904683E-03  7.343191E-02
        14 -2.923356E-03  2.762931E-03  7.366784E-02
        15 -2.744258E-03 -2.744258E-03  7.343191E-02
        16  2.762931E-03 -2.923356E-03  7.366784E-02

                                INCREMENT     2


 displacements (vx,vy,vz) for set WOOD and time  0.1000000E+00

         1 -8.806331E-08 -8.806331E-08 -6.066569E-09
         2  8.894110E-08 -8.040440E-08 -6.634825E-09
         3  6.712679E-08  6.712679E-08 -7.371957E-09
         4 -8.040440E-08  8.894110E-08 -6.634825E-09
         5 -1.854159E-08 -1.854159E-08 -4.020365E-07
         6 -3.368151E-09 -4.823400E-09 -3.750790E-07
         7  6.728416E-09  6.728416E-09 -4.022337E-07
         8 -4.823400E-09 -3.368151E-09 -3.750790E-07
        17 -6.008788E-10 -8.575858E-08 -8.936430E-09
        18  8.268399E-08  5.330201E-09 -7.957389E-09
        19 -8.273658E-10 -8.273658E-10 -9.119610E-09
        20 -4.262530E-09 -4.262530E-09 -3.208902E-07
        21  6.065349E-08 -8.984646E-09 -2.975502E-07
        22  5.806867E-08  5.806867E-08 -2.823454E-07
        23  5.330201E-09  8.268399E-08 -7.957389E-09
        24 -8.575858E-08 -6.008788E-10 -8.936430E-09
        25 -8.984646E-09  6.065349E-08 -2.975502E-07
        26 -6.875367E-08  5.098494E-08 -2.866487E-07
        27 -6.712663E-08 -2.165014E-09 -3.078084E-07
        28 -2.413493E-09  1.099127E-09 -4.112540E-07
        29 -1.130043E-08 -1.164487E-08 -4.078733E-07
        30 -6.061790E-08 -6.061790E-08 -3.051390E-07
        31 -8.324306E-09 -8.324306E-09 -4.327331E-07
        32 -1.164487E-08 -1.130043E-08 -4.078733E-07
        33 -2.165014E-09 -6.712663E-08 -3.078084E-07
        34  1.099127E-09 -2.413493E-09 -4.112540E-07
        35  5.098494E-08 -6.875367E-08 -2.866487E-07

 forces (fx,fy,fz) for set GROUND and time  0.1000000E+00

         9  0.000000E+00  0.000000E+00  0.000000E+00
        10  0.000000E+00  0.000000E+00  0.000000E+00
        11  0.000000E+00  0.000000E+00  0.000000E+00
        12  0.000000E+00  0.000000E+00  0.000000E+00
        13  5.815462E-03  5.815462E-03  1.468697E-01
        14 -5.850697E-03  5.529739E-03  1.473298E-01
        15 -5.494504E-03 -5.494504E-03  1.468697E-01
        16  5.529739E-03 -5.850697E-03  1.473298E-01

                                INCREMENT     3


 displacements (vx,vy,vz) for set WOOD and time  0.1750000E+00

         1 -1.541531E-07 -1.541531E-07 -1.288049E-08
         2  1.557794E-07 -1.407447E-07 -1.406258E-08
         3  1.176033E-07  1.176033E-07 -1.553838E-08
         4 -1.407447E-07  1.557794E-07 -1.406258E-08
         5 -3.239183E-08 -3.239183E-08 -7.064109E-07
         6 -6.049118E-09 -8.494653E-09 -6.594309E-07
         7  1.164243E-08  1.164243E-08 -7.067982E-07
         8 -8.494653E-09 -6.049118E-09 -6.594309E-07
        17 -1.114514E-09 -1.500948E-07 -1.876650E-08
        18  1.448296E-07  9.312298E-09 -1.677308E-08
        19 -1.466306E-09 -1.466306E-09 -1.919702E-08
        20 -7.474176E-09 -7.474176E-09 -5.646161E-07
        21  1.060844E-07 -1.573875E-08 -5.237100E-07
        22  1.015684E-07  1.015684E-07 -4.969747E-07
        23  9.312298E-09  1.448296E-07 -1.677308E-08
        24 -1.500948E-07 -1.114514E-09 -1.876650E-08
        25 -1.573875E-08  1.060844E-07 -5.237100E-07
        26 -1.203467E-07  8.917425E-08 -5.045331E-07
        27 -1.174863E-07 -3.791352E-09 -5.417195E-07
        28 -4.288172E-09  1.800125E-09 -7.227078E-07
        29 -1.979143E-08 -2.037522E-08 -7.168373E-07
        30 -1.061268E-07 -1.061268E-07 -5.366634E-07
        31 -1.458795E-08 -1.458795E-08 -7.603917E-07
        32 -2.037522E-08 -1.979143E-08 -7.168373E-07
        33 -3.791352E-09 -1.174863E-07 -5.417195E-07
        34  1.800125E-09 -4.288172E-09 -7.227078E-07
        35  8.917425E-08 -1.203467E-07 -5.045331E-07

 forces (fx,fy,fz) for set GROUND and time  0.1750000E+00

         9  0.000000E+00  0.000000E+00  0.000000E+00
        10  0.000000E+00  0.000000E+00  0.000000E+00
        11  0.000000E+00  0.000000E+00  0.000000E+00
        12  0.000000E+00  0.000000E+00  0.000000E+00
        13  1.018342E-02  1.018342E-02  2.570283E-01
        14 -1.024274E-02  9.681073E-03  2.578209E-01
        15 -9.621749E-03 -9.621749E-03  2.570283E-01
        16  9.681073E-03 -1.024274E-02  2.578209E-01

                                INCREMENT     4


 displacements (vx,vy,vz) for set WOOD and time  0.2750000E+00

         1 -2.422866E-07 -2.422866E-07 -2.290160E-08
         2  2.449389E-07 -2.212130E-07 -2.496860E-08
         3  1.849542E-07  1.849542E-07 -2.747311E-08
         4 -2.212130E-07  2.449389E-07 -2.496860E-08
         5 -5.083593E-08 -5.083593E-08 -1.113369E-06
         6 -9.668148E-09 -1.340275E-08 -1.039763E-06
         7  1.815056E-08  1.815056E-08 -1.114022E-06
         8 -1.340275E-08 -9.668148E-09 -1.039763E-06
        17 -1.820723E-09 -2.358826E-07 -3.308468E-08
        18  2.277351E-07  1.461727E-08 -2.965605E-08
        19 -2.324520E-09 -2.324520E-09 -3.390404E-08
        20 -1.175883E-08 -1.175883E-08 -8.907866E-07
        21  1.666407E-07 -2.474734E-08 -8.264402E-07
        22  1.595521E-07  1.595521E-07 -7.842764E-07
        23  1.461727E-08  2.277351E-07 -2.965605E-08
        24 -2.358826E-07 -1.820723E-09 -3.308468E-08
        25 -2.474734E-08  1.666407E-07 -8.264402E-07
        26 -1.891440E-07  1.400805E-07 -7.961945E-07
        27 -1.846354E-07 -5.958838E-09 -8.547964E-07
        28 -6.805890E-09  2.697442E-09 -1.139164E-06
        29 -3.111403E-08 -3.201030E-08 -1.129988E-06
        30 -1.668175E-07 -1.668175E-07 -8.464309E-07
        31 -2.294349E-08 -2.294349E-08 -1.198486E-06
        32 -3.201030E-08 -3.111403E-08 -1.129988E-06
        33 -5.958838E-09 -1.846354E-07 -8.547964E-07
        34  2.697442E-09 -6.805890E-09 -1.139164E-06
        35  1.400805E-07 -1.891440E-07 -7.961945E-07

 forces (fx,fy,fz) for set GROUND and time  0.2750000E+00

         9  0.000000E+00  0.000000E+00  0.000000E+00
        10  0.000000E+00  0.000000E+00  0.000000E+00
        11  0.000000E+00  0.000000E+00  0.000000E+00
        12  0.000000E+00  0.000000E+00  0.000000E+00
        13  1.600955E-02  1.600955E-02  4.039088E-01
        14 -1.610008E-02  1.521757E-02  4.051398E-01
        15 -1.512704E-02 -1.512704E-02  4.039088E-01
        16  1.521757E-02 -1.610008E-02  4.051398E-01

                                INCREMENT     5


 displacements (vx,vy,vz) for set WOOD and time  0.3750000E+00

         1 -3.304673E-07 -3.304673E-07 -3.567040E-08
         2  3.342446E-07 -3.017253E-07 -3.883644E-08
         3  2.524579E-07  2.524579E-07 -4.255967E-08
         4 -3.017253E-07  3.342446E-07 -3.883644E-08
         5 -6.921280E-08 -6.921280E-08 -1.523726E-06
         6 -1.345352E-08 -1.836610E-08 -1.423719E-06
         7  2.451042E-08  2.451042E-08 -1.524690E-06
         8 -1.836610E-08 -1.345352E-08 -1.423719E-06
        17 -2.597963E-09 -3.216903E-07 -5.110715E-08
        18  3.107899E-07  1.990545E-08 -4.594020E-08
        19 -3.203554E-09 -3.203554E-09 -5.246199E-08
        20 -1.605749E-08 -1.605749E-08 -1.220598E-06
        21  2.271321E-07 -3.377125E-08 -1.132745E-06
        22  2.174792E-07  2.174792E-07 -1.074997E-06
        23  1.990545E-08  3.107899E-07 -4.594020E-08
        24 -3.216903E-07 -2.597963E-09 -5.110715E-08
        25 -3.377125E-08  2.271321E-07 -1.132745E-06
        26 -2.579697E-07  1.909350E-07 -1.091317E-06
        27 -2.517990E-07 -8.127322E-09 -1.171504E-06
        28 -9.392517E-09  3.460235E-09 -1.559208E-06
        29 -4.245007E-08 -4.363720E-08 -1.546777E-06
        30 -2.275563E-07 -2.275563E-07 -1.159399E-06
        31 -3.131901E-08 -3.131901E-08 -1.640274E-06
        32 -4.363720E-08 -4.245007E-08 -1.546777E-06
        33 -8.127322E-09 -2.517990E-07 -1.171504E-06
        34  3.460235E-09 -9.392517E-09 -1.559208E-06
        35  1.909350E-07 -2.579697E-07 -1.091317E-06

 forces (fx,fy,fz) for set GROUND and time  0.3750000E+00

         9  0.000000E+00  0.000000E+00  0.000000E+00
        10  0.000000E+00  0.000000E+00  0.000000E+00
        11  0.000000E+00  0.000000E+00  0.000000E+00
        12  0.000000E+00  0.000000E+00  0.000000E+00
        13  2.184289E-02  2.184289E-02  5.507968E-01
        14 -2.196188E-02  2.075863E-02  5.524513E-01
        15 -2.063965E-02 -2.063965E-02  5.507968E-01
        16  2.075863E-02 -2.196188E-02  5.524513E-01

                                INCREMENT     6


 displacements (vx,vy,vz) for set WOOD and time  0.4750000E+00

         1 -4.186741E-07 -4.186741E-07 -5.028147E-08
         2  4.236296E-07 -3.822659E-07 -5.467361E-08
         3  3.200557E-07  3.200557E-07 -5.969652E-08
         4 -3.822659E-07  4.236296E-07 -5.467361E-08
         5 -8.754519E-08 -8.754519E-08 -1.936287E-06
         6 -1.732253E-08 -2.335361E-08 -1.810015E-06
         7  3.078645E-08  3.078645E-08 -1.937584E-06
         8 -2.335361E-08 -1.732253E-08 -1.810015E-06
        17 -3.416052E-09 -4.075099E-07 -7.149633E-08
        18  3.939301E-07  2.518509E-08 -6.443504E-08
        19 -4.094630E-09 -4.094630E-09 -7.350334E-08
        20 -2.036041E-08 -2.036041E-08 -1.552763E-06
        21  2.875889E-07 -4.280072E-08 -1.441366E-06
        22  2.753763E-07  2.753763E-07 -1.367928E-06
        23  2.518509E-08  3.939301E-07 -6.443504E-08
        24 -4.075099E-07 -3.416052E-09 -7.149633E-08
        25 -4.280072E-08  2.875889E-07 -1.441366E-06
        26 -3.268074E-07  2.417657E-07 -1.388688E-06
        27 -3.189677E-07 -1.029365E-08 -1.490550E-06
        28 -1.201319E-08  4.152308E-09 -1.981569E-06
        29 -5.378780E-08 -5.525305E-08 -1.965912E-06
        30 -2.883180E-07 -2.883180E-07 -1.474461E-06
        31 -3.970167E-08 -3.970167E-08 -2.084440E-06
        32 -5.525305E-08 -5.378780E-08 -1.965912E-06
        33 -1.029365E-08 -3.189677E-07 -1.490550E-06
        34  4.152308E-09 -1.201319E-08 -1.981569E-06
        35  2.417657E-07 -3.268074E-07 -1.388688E-06

 forces (fx,fy,fz) for set GROUND and time  0.4750000E+00

         9  0.000000E+00  0.000000E+00  0.000000E+00
        10  0.000000E+00  0.000000E+00  0.000000E+00
        11  0.000000E+00  0.000000E+00  0.000000E+00
        12  0.000000E+00  0.000000E+00  0.000000E+00
        13  2.768044E-02  2.768044E-02  6.976894E-01
        14 -2.782613E-02  2.630236E-02  6.997582E-01
        15 -2.615667E-02 -2.615667E-02  6.976894E-01
        16  2.630236E-02 -2.782613E-02  6.997582E-01

                                INCREMENT     7


 displacements (vx,vy,vz) for set WOOD and time  0.5750000E+00

         1 -5.068822E-07 -5.068822E-07 -6.541500E-08
         2  5.130165E-07 -4.628131E-07 -7.104977E-08
         3  3.876705E-07  3.876705E-07 -7.734498E-08
         4 -4.628131E-07  5.130165E-07 -7.104977E-08
         5 -1.058660E-07 -1.058660E-07 -2.349391E-06
         6 -2.118456E-08 -2.833389E-08 -2.196876E-06
         7  3.705625E-08  3.705625E-08 -2.351020E-06
         8 -2.833389E-08 -2.118456E-08 -2.196876E-06
        17 -4.238008E-09 -4.933313E-07 -9.242599E-08
        18  4.770779E-07  3.046526E-08 -8.347851E-08
        19 -4.986932E-09 -4.986932E-09 -9.513671E-08
        20 -2.465903E-08 -2.465903E-08 -1.885494E-06
        21  3.480460E-07 -5.182661E-08 -1.750555E-06
        22  3.332736E-07  3.332736E-07 -1.661395E-06
        23  3.046526E-08  4.770779E-07 -8.347851E-08
        24 -4.933313E-07 -4.238008E-09 -9.242599E-08
        25 -5.182661E-08  3.480460E-07 -1.750555E-06
        26 -3.956408E-07  2.926013E-07 -1.686618E-06
        27 -3.861330E-07 -1.245635E-08 -1.810150E-06
        28 -1.463010E-08  4.845924E-09 -2.404488E-06
        29 -6.511810E-08 -6.685989E-08 -2.385605E-06
        30 -3.490761E-07 -3.490761E-07 -1.790061E-06
        31 -4.807957E-08 -4.807957E-08 -2.529168E-06
        32 -6.685989E-08 -6.511810E-08 -2.385605E-06
        33 -1.245635E-08 -3.861330E-07 -1.810150E-06
        34  4.845924E-09 -1.463010E-08 -2.404488E-06
        35  2.926013E-07 -3.956408E-07 -1.686618E-06

 forces (fx,fy,fz) for set GROUND and time  0.5750000E+00

         9  0.000000E+00  0.000000E+00  0.000000E+00
        10  0.000000E+00  0.000000E+00  0.000000E+00
        11  0.000000E+00  0.000000E+00  0.000000E+00
        12  0.000000E+00  0.000000E+00  0.000000E+00
        13  3.351846E-02  3.351846E-02  8.445829E-01
        14 -3.369048E-02  3.184638E-02  8.470643E-01
        15 -3.167436E-02 -3.167436E-02  8.445829E-01
        16  3.184638E-02 -3.369048E-02  8.470643E-01

                                INCREMENT     8


 displacements (vx,vy,vz) for set WOOD and time  0.6750000E+00

         1 -5.950586E-07 -5.950586E-07 -7.907106E-08
         2  6.023032E-07 -5.433350E-07 -8.581196E-08
         3  4.551925E-07  4.551925E-07 -9.322597E-08
         4 -5.433350E-07  6.023032E-07 -8.581196E-08
         5 -1.242245E-07 -1.242245E-07 -2.760582E-06
         6 -2.492538E-08 -3.326997E-08 -2.581683E-06
         7  4.342428E-08  4.342428E-08 -2.762510E-06
         8 -3.326997E-08 -2.492538E-08 -2.581683E-06
        17 -5.013566E-09 -5.791404E-07 -1.112269E-07
        18  5.601279E-07  3.575746E-08 -1.006107E-07
        19 -5.865709E-09 -5.865709E-09 -1.145800E-07
        20 -2.894449E-08 -2.894449E-08 -2.216160E-06
        21  4.085484E-07 -6.083896E-08 -2.057726E-06
        22  3.912105E-07  3.912105E-07 -1.952926E-06
        23  3.575746E-08  5.601279E-07 -1.006107E-07
        24 -5.791404E-07 -5.013566E-09 -1.112269E-07
        25 -6.083896E-08  4.085484E-07 -2.057726E-06
        26 -4.644512E-07  3.434768E-07 -1.982601E-06
        27 -4.532855E-07 -1.461550E-08 -2.127683E-06
        28 -1.719604E-08  5.634349E-09 -2.825373E-06
        29 -7.643316E-08 -7.846531E-08 -2.803230E-06
        30 -4.097979E-07 -4.097979E-07 -2.103879E-06
        31 -5.643978E-08 -5.643978E-08 -2.971791E-06
        32 -7.846531E-08 -7.643316E-08 -2.803230E-06
        33 -1.461550E-08 -4.532855E-07 -2.127683E-06
        34  5.634349E-09 -1.719604E-08 -2.825373E-06
        35  3.434768E-07 -4.644512E-07 -1.982601E-06

 forces (fx,fy,fz) for set GROUND and time  0.6750000E+00

         9  0.000000E+00  0.000000E+00  0.000000E+00
        10  0.000000E+00  0.000000E+00  0.000000E+00
        11  0.000000E+00  0.000000E+00  0.000000E+00
        12  0.000000E+00  0.000000E+00  0.000000E+00
        13  3.935184E-02  3.935184E-02  9.914719E-01
        14 -3.955181E-02  3.738746E-02  9.943748E-01
        15 -3.718750E-02 -3.718750E-02  9.914719E-01
        16  3.738746E-02 -3.955181E-02  9.943748E-01

                                INCREMENT     9


 displacements (vx,vy,vz) for set WOOD and time  0.7750000E+00

         1 -6.831520E-07 -6.831520E-07 -8.798116E-08
         2  6.913322E-07 -6.237804E-07 -9.545192E-08
         3  5.224473E-07  5.224473E-07 -1.036459E-07
         4 -6.237804E-07  6.913322E-07 -9.545192E-08
         5 -1.426999E-07 -1.426999E-07 -3.165883E-06
         6 -2.837169E-08 -3.810747E-08 -2.960206E-06
         7  5.005308E-08  5.005308E-08 -3.168029E-06
         8 -3.810747E-08 -2.837169E-08 -2.960206E-06
        17 -5.664276E-09 -6.649146E-07 -1.235963E-07
        18  6.429154E-07  4.107929E-08 -1.118477E-07
        19 -6.707904E-09 -6.707904E-09 -1.273402E-07
        20 -3.320462E-08 -3.320462E-08 -2.540511E-06
        21  4.691653E-07 -6.982369E-08 -2.358698E-06
        22  4.492476E-07  4.492476E-07 -2.238529E-06
        23  4.107929E-08  6.429154E-07 -1.118477E-07
        24 -6.649146E-07 -5.664276E-09 -1.235963E-07
        25 -6.982369E-08  4.691653E-07 -2.358698E-06
        26 -5.332109E-07  3.944442E-07 -2.272584E-06
        27 -5.204122E-07 -1.677237E-08 -2.438915E-06
        28 -1.963978E-08  6.660401E-09 -3.240036E-06
        29 -8.772339E-08 -9.008384E-08 -3.214542E-06
        30 -4.704344E-07 -4.704344E-07 -2.412154E-06
        31 -6.476402E-08 -6.476402E-08 -3.408003E-06
        32 -9.008384E-08 -8.772339E-08 -3.214542E-06
        33 -1.677237E-08 -5.204122E-07 -2.438915E-06
        34  6.660401E-09 -1.963978E-08 -3.240036E-06
        35  3.944442E-07 -5.332109E-07 -2.272584E-06

 forces (fx,fy,fz) for set GROUND and time  0.7750000E+00

         9  0.000000E+00  0.000000E+00  0.000000E+00
        10  0.000000E+00  0.000000E+00  0.000000E+00
        11  0.000000E+00  0.000000E+00  0.000000E+00
        12  0.000000E+00  0.000000E+00  0.000000E+00
        13  4.517256E-02  4.517256E-02  1.138348E+00
        14 -4.540529E-02  4.292053E-02  1.141698E+00
        15 -4.268780E-02 -4.268780E-02  1.138348E+00
        16  4.292053E-02 -4.540529E-02  1.141698E+00

                                INCREMENT    10


 displacements (vx,vy,vz) for set WOOD and time  0.8750000E+00

         1 -7.710643E-07 -7.710643E-07 -8.599367E-08
         2  7.798007E-07 -7.040530E-07 -9.336378E-08
         3  5.891057E-07  5.891057E-07 -1.016312E-07
         4 -7.040530E-07  7.798007E-07 -9.336378E-08
         5 -1.614408E-07 -1.614408E-07 -3.557787E-06
         6 -3.118721E-08 -4.273908E-08 -3.324454E-06
         7  5.725327E-08  5.725327E-08 -3.559978E-06
         8 -4.273908E-08 -3.118721E-08 -3.324454E-06
        17 -6.040604E-09 -7.506116E-07 -1.213978E-07
        18  7.251265E-07  4.646500E-08 -1.096696E-07
        19 -7.469608E-09 -7.469608E-09 -1.249341E-07
        20 -3.741442E-08 -3.741442E-08 -2.850515E-06
        21  5.300301E-07 -7.875253E-08 -2.645580E-06
        22  5.075010E-07  5.075010E-07 -2.510659E-06
        23  4.646500E-08  7.251265E-07 -1.096696E-07
        24 -7.506116E-07 -6.040604E-09 -1.213978E-07
        25 -7.875253E-08  5.300301E-07 -2.645580E-06
        26 -6.018652E-07  4.456055E-07 -2.548919E-06
        27 -5.874863E-07 -1.892809E-08 -2.735849E-06
        28 -2.182286E-08  8.199602E-09 -3.640564E-06
        29 -9.896765E-08 -1.017402E-07 -3.611527E-06
        30 -5.308901E-07 -5.308901E-07 -2.707791E-06
        31 -7.301535E-08 -7.301535E-08 -3.829669E-06
        32 -1.017402E-07 -9.896765E-08 -3.611527E-06
        33 -1.892809E-08 -5.874863E-07 -2.735849E-06
        34  8.199602E-09 -2.182286E-08 -3.640564E-06
        35  4.456055E-07 -6.018652E-07 -2.548919E-06

 forces (fx,fy,fz) for set GROUND and time  0.8750000E+00

         9  0.000000E+00  0.000000E+00  0.000000E+00
        10  0.000000E+00  0.000000E+00  0.000000E+00
        11  0.000000E+00  0.000000E+00  0.000000E+00
        12  0.000000E+00  0.000000E+00  0.000000E+00
        13  5.096536E-02  5.096536E-02  1.285195E+00
        14 -5.124165E-02  4.843590E-02  1.289051E+00
        15 -4.815961E-02 -4.815961E-02  1.285195E+00
        16  4.843590E-02 -5.124165E-02  1.289051E+00

                                INCREMENT    11


 displacements (vx,vy,vz) for set WOOD and time  0.9750000E+00

         1 -8.585236E-07 -8.585236E-07 -5.739784E-08
         2  8.668626E-07 -7.839034E-07 -6.261309E-08
         3  6.542946E-07  6.542946E-07 -6.912561E-08
         4 -7.839034E-07  8.668626E-07 -6.261309E-08
         5 -1.808283E-07 -1.808283E-07 -3.916833E-06
         6 -3.240371E-08 -4.684009E-08 -3.653681E-06
         7  6.587892E-08  6.587892E-08 -3.918635E-06
         8 -4.684009E-08 -3.240371E-08 -3.653681E-06
        17 -5.734287E-09 -8.361176E-07 -8.339492E-08
        18  8.059015E-07  5.201283E-08 -7.459910E-08
        19 -8.031220E-09 -8.031220E-09 -8.531299E-08
        20 -4.148984E-08 -4.148984E-08 -3.125319E-06
        21  5.915187E-07 -8.753472E-08 -2.897906E-06
        22  5.662989E-07  5.662989E-07 -2.749726E-06
        23  5.201283E-08  8.059015E-07 -7.459910E-08
        24 -8.361176E-07 -5.734287E-09 -8.339492E-08
        25 -8.753472E-08  5.915187E-07 -2.897906E-06
        26 -6.702471E-07  4.972636E-07 -2.791790E-06
        27 -6.544223E-07 -2.107429E-08 -2.997681E-06
        28 -2.334396E-08  1.103191E-08 -4.006409E-06
        29 -1.100830E-07 -1.134755E-07 -3.973342E-06
        30 -5.908845E-07 -5.908845E-07 -2.972466E-06
        31 -8.107480E-08 -8.107480E-08 -4.215625E-06
        32 -1.134755E-07 -1.100830E-07 -3.973342E-06
        33 -2.107429E-08 -6.544223E-07 -2.997681E-06
        34  1.103191E-08 -2.334396E-08 -4.006409E-06
        35  4.972636E-07 -6.702471E-07 -2.791790E-06

 forces (fx,fy,fz) for set GROUND and time  0.9750000E+00

         9  0.000000E+00  0.000000E+00  0.000000E+00
        10  0.000000E+00  0.000000E+00  0.000000E+00
        11  0.000000E+00  0.000000E+00  0.000000E+00
        12  0.000000E+00  0.000000E+00  0.000000E+00
        13  5.668882E-02  5.668882E-02  1.431971E+00
        14 -5.703512E-02  5.390730E-02  1.436475E+00
        15 -5.356100E-02 -5.356100E-02  1.431971E+00
        16  5.390730E-02 -5.703512E-02  1.436475E+00

                                INCREMENT    12


 displacements (vx,vy,vz) for set WOOD and time  0.1000000E+01

         1 -8.802162E-07 -8.802162E-07 -4.066850E-08
         2  8.880900E-07 -8.037123E-07 -4.457813E-08
         3  6.700491E-07  6.700491E-07 -4.991436E-08
         4 -8.037123E-07  8.880900E-07 -4.457813E-08
         5 -1.859088E-07 -1.859088E-07 -3.994641E-06
         6 -3.208482E-08 -4.765239E-08 -3.723229E-06
         7  6.857478E-08  6.857478E-08 -3.996175E-06
         8 -4.765239E-08 -3.208482E-08 -3.723229E-06
        17 -5.400558E-09 -8.574230E-07 -6.080547E-08
        18  8.255534E-07  5.346282E-08 -5.387107E-08
        19 -8.096368E-09 -8.096368E-09 -6.184315E-08
        20 -4.245160E-08 -4.245160E-08 -3.181197E-06
        21  6.071306E-07 -8.966946E-08 -2.948412E-06
        22  5.812078E-07  5.812078E-07 -2.797450E-06
        23  5.346282E-08  8.255534E-07 -5.387107E-08
        24 -8.574230E-07 -5.400558E-09 -6.080547E-08
        25 -8.966946E-08  6.071306E-07 -2.948412E-06
        26 -6.872325E-07  5.103752E-07 -2.840340E-06
        27 -6.710990E-07 -2.160256E-08 -3.050337E-06
        28 -2.346529E-08  1.223853E-08 -4.085234E-06
        29 -1.128029E-07 -1.164281E-07 -4.050974E-06
        30 -6.057013E-07 -6.057013E-07 -3.027402E-06
        31 -8.300990E-08 -8.300990E-08 -4.299089E-06
        32 -1.164281E-07 -1.128029E-07 -4.050974E-06
        33 -2.160256E-08 -6.710990E-07 -3.050337E-06
        34  1.223853E-08 -2.346529E-08 -4.085234E-06
        35  5.103752E-07 -6.872325E-07 -2.840340E-06

 forces (fx,fy,fz) for set GROUND and time  0.1000000E+01

         9  0.000000E+00  0.000000E+00  0.000000E+00
        10  0.000000E+00  0.000000E+00  0.000000E+00
        11  0.000000E+00  0.000000E+00  0.000000E+00
        12  0.000000E+00  0.000000E+00  0.000000E+00
        13  5.809367E-02  5.809367E-02  1.468638E+00
        14 -5.846713E-02  5.525863E-02  1.473357E+00
        15 -5.488517E-02 -5.488517E-02  1.468638E+00
        16  5.525863E-02 -5.846713E-02  1.473357E+00
